4294967278,519
4294967294,92
4294967294,88
4294967294,39
4294967294,42
4294967294,99
4294967294,76
4294967294,426
4294967294,51
4294967294,52
4294967294,955
4294967294,82
4294967278,128
4294967278,120
4294967278,118
4294967278,117
4294967278,116
4294967278,115
4294967278,114
4294967278,111
4294967278,109
4294967278,108
4294967278,107
4294967278,106
4294967278,105
4294967278,103
4294967278,518
4294967278,100
4294967278,98
4294967278,97
4294967278,96
4294967278,95
4294967278,94
4294967278,260
4294967278,0
4294967278,92
4294967278,89
4294967278,86
4294967278,85
4294967278,84
4294967278,83
4294967278,82
4294967278,76
4294967278,74
4294967278,73
4294967278,72
4294967278,71
4294967278,70
4294967278,69
4294967278,68
4294967278,66
4294967278,65
4294967278,64
4294967278,63
4294967278,62
4294967278,61
4294967278,60
4294967278,58
4294967278,57
4294967278,56
4294967278,55
4294967278,51
4294967278,49
4294967278,48
4294967278,47
4294967278,46
4294967278,45
4294967278,44
4294967278,43
4294967278,41
4294967278,40
4294967278,39
4294967278,38
4294967279,21
4294967279,17
4294967279,14
4294967279,11
4294967279,10
4294967279,9
4294967279,8
4294967279,7
4294967279,336
4294967278,517
4294967279,335
4294967279,260
4294967279,0
4294967294,50
4294967294,180
4294967294,175
4294967294,176
4294967294,168
4294967294,106
4294967294,166
4294967294,24
4294967294,190
4294967294,30
4294967294,946
4294967294,945
4294967294,943
4294967294,942
4294967294,937
4294967294,926
4294967294,898
4294967294,896
4294967294,128
4294967294,831
4294967294,830
4294967294,60
4294967294,68
4294967294,12
4294967294,11
4294967279,334
4294967278,516
4294967279,333
4294967278,515
4294967278,514
4294967279,332
4294967278,513
4294967279,134
4294967278,512
4294967279,331
19,5
19,4
4294967279,330
19,3
19,2
19,1
4294967279,329
4294967279,279
4294967278,319
4294967279,328
4294967279,15
4294967278,318
4294967278,317
4294967279,265
4294967279,263
18,5
4294967279,262
18,4
18,3
18,2
18,1
4294967279,327
4294967279,6
4294967279,5
4294967278,316
4294967279,4
4294967279,275
4294967278,315
4294967278,132
4294967294,38
4294967278,314
4294967278,313
4294967278,131
4294967279,326
4294967279,325
4294967278,312
4294967278,130
4294967279,324
4294967278,311
4294967278,129
4294967279,323
4294967279,322
4294967278,310
4294967278,127
4294967278,309
4294967279,321
17,6
4294967278,308
4294967278,126
17,5
4294967279,320
17,4
4294967278,307
4294967278,125
17,3
17,2
17,1
4294967278,306
4294967278,124
4294967278,305
4294967278,123
4294967279,319
4294967278,122
4294967278,252
4294967279,318
4294967278,121
4294967278,251
4294967278,248
4294967279,317
4294967278,119
4294967278,246
4294967278,247
4294967278,244
4294967278,242
4294967278,240
16,4
16,3
16,2
16,1
4294967279,316
4294967278,238
4294967278,304
4294967278,113
4294967279,315
4294967278,112
4294967278,235
4294967278,232
4294967278,110
4294967278,230
4294967278,231
4294967278,228
4294967278,224
4294967278,222
4294967278,220
4294967278,104
4294967278,219
4294967294,905
4294967294,918
4294967294,904
4294967294,906
4294967278,102
4294967278,215
4294967278,303
4294967278,101
4294967279,314
4294967278,212
4294967278,211
4294967278,302
4294967278,99
4294967279,313
4294967278,210
4294967278,208
4294967278,207
4294967279,312
4294967278,206
4294967278,301
4294967278,93
4294967279,311
4294967279,310
4294967278,300
4294967278,91
4294967279,309
4294967278,299
4294967278,90
4294967279,308
4294967278,201
4294967278,200
4294967278,298
4294967278,87
4294967279,307
4294967278,199
4294967278,197
4294967278,194
4294967278,196
4294967278,195
4294967278,297
4294967278,81
4294967279,306
4294967278,296
4294967278,80
4294967278,295
4294967278,79
4294967294,81
4294967294,387
4294967294,112
4294967294,167
4294967279,305
4294967278,294
4294967278,78
4294967279,304
4294967278,293
4294967278,77
4294967294,6
4294967294,89
4294967278,189
4294967279,303
4294967278,188
4294967278,292
4294967278,75
4294967278,187
4294967278,186
4294967278,185
12,4
12,3
12,2
12,1
4294967279,302
4294967278,184
4294967279,301
4294967278,182
4294967279,300
4294967278,291
4294967278,67
4294967279,299
4294967278,179
4294967278,178
4294967278,177
4294967279,298
4294967278,176
4294967279,297
4294967278,173
4294967279,296
4294967278,290
4294967278,59
4294967279,295
4294967278,170
4294967278,169
4294967294,22
4294967278,166
4294967278,168
4294967278,167
4294967294,186
4294967278,289
4294967278,54
4294967278,288
4294967278,53
4294967294,1
4294967294,1419
4294967294,46
4294967278,287
4294967278,52
4294967294,9
4294967279,294
4294967278,286
4294967278,50
4294967278,161
4294967278,160
4294967278,159
9,2
9,1
4294967279,293
4294967278,158
4294967278,156
4294967279,292
4294967278,42
4294967279,291
4294967278,153
4294967278,152
8,9
